B_DATA
SolidID  584   -1.09886e+006   1.02124    0.0   0.0   0.0
SolidID  757   -1.09887e+006   1.02124    0.0   0.0   0.0
SolidID  785   -1.09887e+006   1.02124    0.0   0.0   0.0
SolidID  813   -1.09886e+006   1.02124    0.0   0.0   0.0
SolidID  841   -1.09886e+006   1.02124    0.0   0.0   0.0
SolidID  869   -1.09887e+006   1.02124    0.0   0.0   0.0
SolidID  898   -1.09886e+006   1.02124    0.0   0.0   0.0
SolidID  927   -1.09887e+006   1.02124    0.0   0.0   0.0
SolidID  955   -1.09887e+006   1.02124    0.0   0.0   0.0
SolidID  983   -1.09886e+006   1.02124    0.0   0.0   0.0
SolidID  1011   -1.09887e+006   1.02124    0.0   0.0   0.0
SolidID  1039   -1.09886e+006   1.02124    0.0   0.0   0.0
SolidID  3441   -1.09887e+006   1.02124    0.0   0.0   0.0
SolidID  3469   -1.09886e+006   1.02124    0.0   0.0   0.0
SolidID  3497   -1.09886e+006   1.02124    0.0   0.0   0.0
SolidID  3526   -1.09885e+006   1.02124    0.0   0.0   0.0
SolidID  3554   -1.09886e+006   1.02124    0.0   0.0   0.0
SolidID  3582   -1.09887e+006   1.02124    0.0   0.0   0.0
SolidID  3611   -1.09887e+006   1.02124    0.0   0.0   0.0
SolidID  3639   -1.09885e+006   1.02124    0.0   0.0   0.0
SolidID  3667   -1.09885e+006   1.02124    0.0   0.0   0.0
SolidID  3696   -1.09887e+006   1.02124    0.0   0.0   0.0
SolidID  3724   -1.09885e+006   1.02124    0.0   0.0   0.0
SolidID  3752   -1.09886e+006   1.02124    0.0   0.0   0.0
SolidID  3781   -1.09887e+006   1.02124    0.0   0.0   0.0
SolidID  3809   -1.09887e+006   1.02124    0.0   0.0   0.0
SolidID  3837   -1.09887e+006   1.02124    0.0   0.0   0.0
SolidID  3866   -1.09887e+006   1.02124    0.0   0.0   0.0
SolidID  3894   -1.09886e+006   1.02124    0.0   0.0   0.0
SolidID  3922   -1.09887e+006   1.02124    0.0   0.0   0.0
SolidID  3951   -1.09887e+006   1.02124    0.0   0.0   0.0
SolidID  3979   -1.09887e+006   1.02124    0.0   0.0   0.0
SolidID  4007   -1.09886e+006   1.02124    0.0   0.0   0.0
SolidID  4036   -1.09887e+006   1.02124    0.0   0.0   0.0
SolidID  4064   -1.09887e+006   1.02124    0.0   0.0   0.0
SolidID  4092   -1.09886e+006   1.02124    0.0   0.0   0.0
SolidID  4121   -1.09887e+006   1.02124    0.0   0.0   0.0
SolidID  4149   -1.09886e+006   1.02124    0.0   0.0   0.0
SolidID  4177   -1.09886e+006   1.02124    0.0   0.0   0.0
SolidID  4206   -1.09886e+006   1.02124    0.0   0.0   0.0
SolidID  4234   -1.09887e+006   1.02124    0.0   0.0   0.0
SolidID  4262   -1.09886e+006   1.02124    0.0   0.0   0.0
SolidID  4291   -1.09887e+006   1.02124    0.0   0.0   0.0
SolidID  4319   -1.09886e+006   1.02124    0.0   0.0   0.0
SolidID  4347   -1.09886e+006   1.02124    0.0   0.0   0.0
SolidID  4376   -1.09886e+006   1.02124    0.0   0.0   0.0
SolidID  4404   -1.09885e+006   1.02124    0.0   0.0   0.0
SolidID  4432   -1.09885e+006   1.02124    0.0   0.0   0.0
E_DATA
